name: yt-asmr
channels:
  - yaafe
  - conda-forge
  - defaults
dependencies:
  - _libgcc_mutex=0.1=conda_forge
  - _openmp_mutex=4.5=1_gnu
  - bzip2=1.0.8=h516909a_3
  - ca-certificates=2020.6.20=hecda079_0
  - certifi=2020.6.20=py38h924ce5b_2
  - ffmpeg=4.3.1=h167e202_0
  - freetype=2.10.3=he06d7ca_0
  - gettext=0.19.8.1=h5e8e0c9_1
  - gmp=6.2.0=he1b5a44_3
  - gnutls=3.6.13=h79a8f9a_0
  - lame=3.100=h14c3975_1001
  - ld_impl_linux-64=2.33.1=h53a641e_7
  - libedit=3.1.20191231=h14c3975_1
  - libffi=3.3=he6710b0_2
  - libflac=1.3.3=he1b5a44_0
  - libgcc-ng=9.3.0=h5dbcf3e_17
  - libgomp=9.3.0=h5dbcf3e_17
  - libiconv=1.16=h516909a_0
  - libogg=1.3.2=0
  - libpng=1.6.37=hed695b0_2
  - libsndfile=1.0.29=he1b5a44_0
  - libstdcxx-ng=9.3.0=h2ae2ef3_17
  - libvorbis=1.3.7=he1b5a44_0
  - mad=0.15.1b=he1b5a44_0
  - ncurses=6.2=he6710b0_1
  - nettle=3.4.1=h1bed415_1002
  - openh264=2.1.1=h8b12597_0
  - openssl=1.1.1h=h516909a_0
  - pip=20.2.3=py38_0
  - python=3.8.5=h7579374_1
  - python_abi=3.8=1_cp38
  - readline=8.0=h7b6447c_0
  - setuptools=50.3.0=py38hb0f4dca_1
  - sqlite=3.33.0=h62c20be_0
  - tk=8.6.10=hbc83047_0
  - wheel=0.35.1=py_0
  - x264=1!152.20180806=h14c3975_0
  - xz=5.2.5=h516909a_1
  - zlib=1.2.11=h516909a_1009
  - pip:
    - cffi==1.14.3
    - multiprocessing-logging==0.2.4
    - numpy==1.19.2
    - pafy==0.5.3.1
    - pycparser==2.20
    - pysoundfile==0.9.0.post1
    - scipy==1.5.2
    - sk-video==1.1.8
    - sox==1.3.3
    - youtube-dl==2020.9.20
